cpu_util_percent,mem_util_percent,net_in,net_out,disk_io_percent
35.684380,85.614952,40.063660,31.722208,9.581944
34.244961,87.295418,38.526703,30.297857,10.122075
41.218929,88.955681,36.831989,28.945269,3.801169
33.701977,85.297035,37.046249,29.462717,5.282959
37.981644,86.355690,37.228764,29.784546,3.119136
38.121197,82.747574,37.639362,30.107466,4.132946
37.579395,86.461357,36.982681,29.507742,5.151455
39.297890,88.279915,38.626904,30.942535,10.674079
40.836506,89.076935,37.717384,29.897202,11.704146
42.793919,87.342613,37.714642,29.916807,11.683905
43.381199,87.903847,37.903542,30.204144,9.446066
36.849953,85.931984,37.489029,29.887918,5.411309
38.306461,85.662018,37.746719,30.149809,5.832058
40.681580,85.653625,37.852608,30.242195,8.253291
42.177799,85.459579,37.995125,30.379934,10.514042
43.074696,85.765945,38.121674,30.511896,11.417069
40.625515,85.323425,37.944637,30.323944,11.092399
37.728214,85.136162,37.834606,30.199715,9.991895
38.419518,86.508377,37.964840,30.316351,8.981052
37.500427,87.444527,37.976967,30.259983,7.144073
39.372185,86.760765,38.133347,30.348097,7.213706
49.425671,88.630272,38.255386,30.412828,10.502334
48.939770,88.787521,38.288033,30.379930,14.235282
45.786411,87.103767,38.235073,30.341854,15.685521
43.147408,86.390594,37.849915,30.008991,15.006553
51.755394,91.794449,38.106659,30.284103,14.671074
60.915619,91.675430,36.654274,28.822842,8.269907
57.861694,90.731346,36.060799,28.119358,10.553344
46.141773,87.462997,36.570564,28.644110,13.298120
54.954601,84.299446,37.837143,30.007627,10.099779
73.334435,86.496521,39.255760,31.630608,11.665216
71.237457,86.784744,38.148510,30.418041,7.044075
61.640415,85.440552,38.021027,30.190794,10.265719
56.432335,89.172752,37.101418,29.263254,13.528396
54.881821,87.790062,36.730373,28.907003,9.758084
60.608471,89.414177,36.733067,28.908112,12.696375
52.255836,87.588379,36.979733,28.988361,9.726299
55.540413,88.521019,37.621155,29.639221,12.591413
56.177208,88.233917,37.597126,29.622673,12.110500
55.227837,87.009293,37.627209,29.625837,14.497189
53.307419,86.778633,37.869884,29.833277,15.636015
54.603016,86.062035,38.539360,30.431902,16.830685
53.211403,85.559425,38.164242,30.202353,14.090446
50.388222,85.447083,38.309074,30.523796,13.258758
45.859119,85.359352,38.387012,30.707245,11.581778
41.899906,85.669769,38.278225,30.576765,9.793616
47.606575,86.486008,37.927929,30.241186,9.476137
56.544800,86.876930,37.670162,29.980700,9.880149
54.577309,87.108574,37.500931,29.750238,9.854634
49.435650,86.432838,38.071800,30.189945,11.132675
48.568619,85.356270,38.053299,30.151428,11.533972
53.266296,84.860291,38.039658,30.161921,14.148872
58.114563,85.350494,38.060314,30.298744,16.242050
52.427299,84.977211,38.184772,30.461781,12.829132
47.303829,84.942055,38.109791,30.422855,9.534913
48.356201,86.022232,38.107311,30.465120,8.928241
50.439590,86.485207,38.091854,30.445601,7.691777
55.054565,86.189049,38.282021,30.604359,7.336458
56.242405,86.146088,38.304359,30.587128,7.162417
51.956524,84.661118,38.470810,30.596973,8.316164
49.501030,83.601524,38.585224,30.543898,10.023894
50.876911,83.158913,38.576279,30.395966,12.228241
53.745838,83.438705,38.243397,29.961811,13.694216
54.479523,84.249451,38.038933,29.713430,15.044386
48.125660,83.823112,37.968475,29.723135,12.854630
43.682972,83.183060,38.364159,30.185280,9.174018
52.683350,84.426575,38.608883,30.314693,9.351357
61.485462,86.459740,38.445503,30.023577,11.615279
58.358837,86.167908,38.304340,29.822832,12.373708
52.286945,85.197685,38.209862,29.784468,12.761972
48.685463,85.213531,38.180748,29.866072,12.559760
56.026089,85.104713,38.399170,30.156897,16.691990
50.330265,86.034065,38.254791,30.136782,15.592249
44.768711,87.080910,38.736809,30.662693,11.072930
47.744717,85.798622,38.277576,30.256134,6.799357
56.742764,86.623161,38.252525,30.236689,10.913629
59.054070,86.737579,38.336498,30.301493,12.965206
54.616451,86.064484,38.703503,30.616179,11.857611
55.628647,85.208549,38.734356,30.637232,11.066046
59.012531,85.442238,38.379604,30.345636,12.752453
58.328064,86.099037,37.822029,29.923498,13.304653
53.439739,86.587318,37.578602,29.827248,10.838392
48.371010,86.973526,37.508518,29.863047,8.348780
46.025948,86.554779,37.546700,29.930408,6.881211
47.075039,86.373619,37.556847,29.966366,5.907220
47.774521,85.492493,37.917770,30.295382,5.053916
47.431801,84.629288,38.339146,30.655115,4.147700
49.254803,85.041519,38.802727,30.956161,4.752330
49.931702,85.712715,38.650276,30.646339,6.781609
47.621445,85.591476,38.301395,30.169346,10.779058
55.807007,87.305130,38.272221,29.976156,18.602228
60.403931,88.605598,38.376163,30.058853,17.245577
52.486065,85.820175,38.634502,30.640495,4.645348
41.709957,86.481552,38.164135,30.403055,3.702946
54.619267,86.100136,39.620728,31.647148,13.841091
50.513298,87.105995,38.518745,30.559175,10.886179
40.795902,86.878525,38.937710,30.873737,5.799014
50.093559,88.508514,38.279079,30.412651,7.104594
45.723480,85.934128,37.819771,30.077902,9.865394
50.001965,87.208954,38.324711,30.783768,10.648558
46.317173,86.100006,38.761528,31.068987,10.532538
37.865856,84.892120,37.465908,29.694996,6.576289
49.763515,85.811165,37.686710,30.218805,11.792886
32.762455,87.160088,36.859982,29.206747,4.674953
29.078621,85.937164,37.422714,29.589048,2.364631
51.928482,89.184532,37.821796,30.394354,6.154623
51.635509,87.925591,38.137993,30.585714,7.046832
38.386986,86.565910,38.489368,30.593178,4.963237
44.738335,88.005371,38.584091,30.655035,5.466448
44.634830,87.975388,38.434277,30.387934,5.668492
43.285042,87.455719,38.684547,30.497065,9.023918
52.806606,89.905983,38.626415,30.520071,13.602409
43.673599,88.481354,38.662029,30.577248,10.817065
31.919058,86.567871,38.322350,30.171518,6.029736
45.463875,88.731850,38.572163,30.580147,9.893448
52.554901,90.630409,38.246098,30.312941,8.405572
36.162163,86.908203,38.341198,30.138357,2.935941
47.048092,87.498665,38.725929,30.531044,7.759989
53.669552,88.073624,38.456913,30.346348,9.550426
38.279629,85.195076,38.670052,30.446482,7.012723
44.924965,85.952126,38.622211,30.419905,11.247211
44.772224,87.723495,37.961056,29.852474,11.474672
32.654400,85.629707,37.669415,29.420839,7.244669
42.032452,87.158043,37.824364,29.751860,11.070138
40.041550,85.186073,38.388458,30.262285,9.907097
38.157589,85.193573,38.735413,30.580477,17.056931
55.250778,88.788750,39.389668,31.146683,26.423019
51.839905,87.544502,38.799072,30.694351,8.788950
52.725208,86.383812,39.302414,30.975821,12.825309
50.385811,85.550934,38.280766,30.205618,9.300710
41.873909,85.956261,39.847176,31.876293,6.039518
25.045534,82.894608,38.518433,30.120703,2.526932
36.145424,84.712181,37.437950,29.278402,5.756067
56.159725,91.189713,38.593994,30.517368,10.601668
35.543232,85.022644,37.950546,29.625578,4.648911
32.251110,85.471664,38.478165,30.119265,7.080819
49.776741,88.626106,38.212132,30.062469,11.005198
30.746300,84.595261,38.170361,29.946621,3.568441
29.417519,85.085114,38.466717,30.266495,3.574574
46.382668,88.268768,37.991970,29.835411,8.992593
35.596573,87.137611,37.969704,29.818438,6.254067
27.900572,85.576141,38.449917,30.321716,3.454759
34.245914,86.423203,38.013271,29.930683,5.727788
29.998213,86.386513,37.630634,29.557085,4.620104
28.447887,88.940361,37.950562,29.874800,4.465041
35.074364,88.577507,38.078049,30.043058,4.996676
43.350807,88.941292,37.982876,30.006081,8.349385
41.416336,90.799019,39.073048,31.093935,7.677922
29.835459,86.769302,38.570702,30.477610,4.222902
44.168961,88.337196,38.781872,30.716436,10.537434
50.715797,91.787949,38.092468,30.139423,10.601529
28.571222,87.118088,38.414993,30.204617,6.538080
41.029072,89.700035,38.047195,29.895895,7.625048
43.633335,90.351654,37.810452,29.756746,6.625714
27.145540,87.936020,38.081974,29.957533,1.745921
33.800125,88.549324,38.164154,30.107292,4.047727
39.283543,90.557518,38.254189,30.172928,6.723125
31.257320,88.957253,38.531689,30.426022,7.210392
30.801218,88.032845,38.564938,30.425694,8.222526
37.616295,88.544090,38.403706,30.214504,11.635258
40.251228,88.481857,38.569496,30.379896,13.469686
31.649319,86.339104,38.567993,30.526821,9.295001
30.941046,86.067657,38.247669,30.228415,6.389484
32.773415,87.338905,38.349640,30.311705,5.775888
30.303617,87.692078,38.283752,30.270321,4.346008
29.589649,87.651451,38.284653,30.267559,3.785966
30.193695,87.903175,38.372002,30.347046,4.252576
29.225821,87.973854,38.411755,30.409878,4.776666
28.658131,88.161835,38.392872,30.417885,4.905322
29.708742,88.396461,38.359894,30.375399,4.920927
32.652576,88.781700,38.383202,30.348280,5.306925
35.278385,89.079651,38.613144,30.521574,6.062451
36.259850,88.904045,38.723804,30.596346,6.957421
36.953453,88.893608,38.644714,30.494577,7.269599
35.430752,88.943069,38.589493,30.458496,6.174604
34.011814,88.478165,38.484070,30.386389,5.122461
32.338207,88.117279,38.518116,30.502127,4.408327
30.575626,87.092697,38.362606,30.450783,4.437399
30.711790,86.446930,38.483494,30.597403,5.656244
28.861042,87.175858,38.662621,30.853336,6.000519
29.997078,88.353836,38.390869,30.499603,6.303174
34.418163,88.575714,38.179852,30.116207,8.041328
36.005608,89.232727,38.288757,30.129202,8.979862
33.959660,88.600937,38.192211,30.007500,8.017423
38.958374,88.580200,38.505623,30.255106,7.306365
43.945408,90.221436,38.554298,30.276804,7.413828
41.433327,89.897362,38.580143,30.334076,7.707412
37.895306,88.429665,38.589474,30.387789,6.423594
37.647141,88.267181,39.063534,30.878944,6.613083
35.104767,88.233673,39.321579,31.226921,6.894623
31.155708,87.632004,39.539448,31.555614,5.928304
29.403681,86.918030,39.409752,31.450390,5.193768
31.546186,87.591888,39.463284,31.433414,7.271517
36.020504,89.656517,39.478596,31.330509,9.642424
35.419365,91.352966,39.148460,30.942486,7.381473
32.899738,90.165070,39.026474,30.772947,4.120593
34.923996,89.458916,38.473652,30.166077,4.663647
38.296215,91.652733,38.585178,30.189896,7.105054
41.271591,92.234962,38.796730,30.343876,7.533085
37.123848,89.632515,39.318432,30.919218,5.844539
34.180805,84.985603,39.027100,30.833311,2.570141
37.019341,87.435562,39.338516,31.123659,4.207481
32.620937,88.790527,39.543873,31.419691,5.431446
30.165060,84.931427,38.785847,30.711468,6.480899
35.731579,89.752083,39.213318,31.089369,8.348981
29.567728,89.404877,38.510136,30.428017,5.165136
32.216766,88.128059,38.066849,30.015306,5.855688
34.345013,90.128128,38.274097,30.283817,7.770340
27.668322,90.210846,38.331413,30.440971,5.446704
26.800455,90.297646,38.348351,30.515423,3.710144
31.517109,91.000084,38.319595,30.490967,4.514427
33.266350,91.374207,38.628914,30.757278,6.684318
30.124744,90.952507,38.873196,30.955700,6.776279
27.951902,90.490921,38.803772,30.862549,5.012264
31.127186,90.864349,38.733921,30.787487,4.968229
33.668854,91.470734,38.725655,30.774071,6.392247
30.942537,90.988632,38.825848,30.874189,6.725189
28.482788,90.550194,38.757767,30.800642,5.463877
31.025352,91.197807,38.634678,30.677673,4.932318
33.656860,91.769470,38.709274,30.735912,5.800514
33.299099,91.891029,38.754005,30.769390,6.102127
30.908224,91.496063,38.819424,30.846569,5.000236
30.831799,91.326843,38.778454,30.831438,4.040115
31.795630,91.252800,38.566772,30.674662,3.907805
30.335190,90.716888,38.558167,30.719151,4.593060
26.956617,90.282410,38.485195,30.683754,5.160926
24.831347,90.655136,38.576061,30.831154,5.373503
25.047323,91.328224,38.548595,30.881628,4.716680
26.499367,91.957054,38.655457,31.056389,4.247725
28.078867,92.424622,38.867409,31.286848,4.223069
29.619692,92.735260,39.160130,31.552860,4.166372
32.393673,92.996002,39.379604,31.733255,3.836164
38.334450,93.434128,39.510799,31.835438,3.733942
41.924999,93.327904,39.568089,31.741190,4.101179
34.956055,91.460159,39.176037,31.067736,4.522467
33.528866,88.477837,39.244606,30.912304,8.472456
35.575462,89.351265,38.964741,30.571415,9.261688
31.823376,87.530319,38.977516,30.640919,6.540448
30.949509,85.759544,39.249817,31.075972,1.839050
29.583811,83.587700,38.478401,30.476818,0.381534
32.278038,83.744354,37.866714,29.906212,1.184245
34.500694,84.754921,37.929527,29.974121,3.952626
33.761330,84.870270,38.564285,30.580168,8.108588
30.772213,84.621979,38.489491,30.530056,8.686535
27.645870,84.434425,38.580074,30.704838,4.915642
32.669346,84.504738,38.426052,30.520372,4.187005
39.092960,85.967865,38.531094,30.383949,9.000481
43.467430,88.908836,39.216202,30.789606,15.330816
32.569344,89.689034,39.284729,31.045393,7.664275
31.914024,86.120026,39.386612,31.273888,2.572306
44.172676,87.053825,38.527214,30.149313,6.661925
35.273109,88.867332,38.390160,30.243958,6.799553
22.315891,85.406021,38.449352,30.711367,0.206724
34.525215,85.046822,38.276955,30.379335,3.531734
39.287766,84.980675,38.267906,30.169376,9.234518
29.819292,86.758530,39.629623,31.657681,9.715354
27.863459,84.305984,38.787186,30.792210,7.063964
44.007587,86.782738,38.670376,30.501055,10.453736
47.619816,90.863922,39.773087,31.476048,11.440533
28.586872,86.966331,39.305347,31.288664,1.289520
38.333107,84.573578,38.703674,30.724531,3.928341
40.288067,86.972435,38.199249,30.320688,6.799440
29.512180,85.543404,38.403450,30.646614,4.951290
32.466171,87.117828,38.813732,31.128185,5.254566
33.630791,87.192711,38.969921,31.114603,8.201427
28.181736,86.318298,38.905426,30.933491,9.733851
24.890732,86.094688,38.640423,30.704414,8.379009
34.020416,88.390038,38.555061,30.543276,8.618782
50.492783,91.904999,38.799583,30.734772,12.302895
44.692493,91.145851,39.921535,31.601847,10.205379
34.264423,87.540108,39.569683,31.234392,8.142682
38.585972,86.961868,38.473160,30.326067,7.091753
46.918228,90.544388,38.619911,30.558542,3.901774
48.224354,91.209572,39.405319,31.271021,5.803707
34.535412,88.839119,39.554081,31.459047,7.156192
22.558132,84.457291,39.216503,31.041025,6.068579
33.956757,87.026375,38.616650,30.582085,7.025568
38.353828,88.632767,38.894451,30.645912,11.773527
29.532621,86.561226,38.684071,30.550896,11.650340
24.444103,85.522919,38.407536,30.540915,4.861497
41.567741,88.246521,38.908424,30.986546,7.079570
52.470608,91.269470,39.390480,31.411829,11.363097
37.885349,89.704247,39.930035,31.797754,8.360928
27.951351,84.290726,39.599430,31.361919,4.124290
47.741158,87.025185,38.717899,31.023970,2.778524
55.867794,91.202301,38.962540,31.065561,7.695936
28.813139,86.932869,39.514156,31.258484,9.043383
24.885618,85.697716,39.868576,31.681664,6.520948
